The Units per Pixel is set to:
Width: 5
Length: 5
X: 0.05102041
Y: 0.05319149
